[[6.78573, 3.55838, 2.92621, 0.07143],
[6.57618, 3.62803, 3.38398, 0.06525],
[6.35225, 3.68473, 3.9572, 0.05837],
[6.11751, 3.7305, 4.0, 0.05979],
[5.87537, 3.76798, 4.0, 0.06125],
[5.62843, 3.79955, 4.0, 0.06224],
[5.37909, 3.82795, 4.0, 0.06274],
[5.12933, 3.85578, 4.0, 0.06283],
[4.87956, 3.88362, 4.0, 0.06283],
[4.62979, 3.91146, 4.0, 0.06283],
[4.38002, 3.9393, 4.0, 0.06283],
[4.13025, 3.96708, 4.0, 0.06283],
[3.88046, 3.99464, 4.0, 0.06283],
[3.63068, 4.02191, 4.0, 0.06282],
[3.38121, 4.04839, 4.0, 0.06272],
[3.13219, 4.07358, 4.0, 0.06257],
[2.88379, 4.09696, 4.0, 0.06237],
[2.63618, 4.11796, 4.0, 0.06213],
[2.38953, 4.13603, 4.0, 0.06183],
[2.14403, 4.15061, 4.0, 0.06148],
[1.8999, 4.16111, 3.86813, 0.06317],
[1.6574, 4.16677, 3.39145, 0.07152],
[1.41664, 4.16736, 3.39145, 0.07099],
[1.17785, 4.16228, 3.39145, 0.07043],
[0.94112, 4.15136, 3.39145, 0.06988],
[0.70643, 4.13471, 3.39145, 0.06938],
[0.47395, 4.11189, 3.39145, 0.06888],
[0.24391, 4.08242, 3.39145, 0.06838],
[0.01659, 4.04559, 3.39145, 0.0679],
[-0.20758, 4.00037, 3.39145, 0.06743],
[-0.428, 3.94532, 3.39145, 0.06699],
[-0.64383, 3.87839, 3.39145, 0.06663],
[-0.85364, 3.79624, 4.0, 0.05633],
[-1.05942, 3.70392, 4.0, 0.05638],
[-1.26218, 3.60387, 4.0, 0.05653],
[-1.46279, 3.49813, 4.0, 0.05669],
[-1.66205, 3.38871, 4.0, 0.05683],
[-1.86068, 3.27754, 4.0, 0.05691],
[-2.0626, 3.16673, 4.0, 0.05758],
[-2.2657, 3.05858, 4.0, 0.05753],
[-2.4704, 2.95409, 4.0, 0.05746],
[-2.67717, 2.85455, 4.0, 0.05737],
[-2.88625, 2.76073, 4.0, 0.05729],
[-3.09798, 2.67374, 4.0, 0.05722],
[-3.3125, 2.59431, 4.0, 0.05719],
[-3.52989, 2.52291, 4.0, 0.0572],
[-3.75013, 2.45984, 4.0, 0.05727],
[-3.97314, 2.40515, 4.0, 0.0574],
[-4.19877, 2.3587, 4.0, 0.05759],
[-4.4268, 2.3201, 4.0, 0.05782],
[-4.65698, 2.28874, 4.0, 0.05808],
[-4.88897, 2.26382, 3.55467, 0.06564],
[-5.1224, 2.24437, 3.174, 0.0738],
[-5.35681, 2.22944, 2.68993, 0.08732],
[-5.59158, 2.21814, 2.37313, 0.09904],
[-5.8259, 2.2096, 2.37313, 0.09881],
[-6.05917, 2.20297, 2.37313, 0.09834],
[-6.28813, 2.19529, 2.37313, 0.09653],
[-6.51559, 2.18429, 2.37313, 0.09596],
[-6.74059, 2.16782, 2.37313, 0.09507],
[-6.96208, 2.14362, 2.37313, 0.09389],
[-7.17885, 2.10921, 2.37313, 0.09249],
[-7.38944, 2.06188, 2.37313, 0.09095],
[-7.59227, 1.99923, 2.37313, 0.08945],
[-7.78391, 1.9166, 2.23074, 0.09356],
[-7.95993, 1.81035, 1.98507, 0.10357],
[-8.12349, 1.68834, 1.77102, 0.11522],
[-8.27465, 1.55265, 1.55876, 0.13031],
[-8.41301, 1.40473, 1.55876, 0.12994],
[-8.53814, 1.24605, 1.55876, 0.12964],
[-8.64887, 1.07776, 1.55876, 0.12924],
[-8.74399, 0.90127, 1.55876, 0.12862],
[-8.82111, 0.71794, 1.55876, 0.12759],
[-8.8776, 0.5299, 1.55876, 0.12596],
[-8.91097, 0.34002, 1.55876, 0.12368],
[-8.91707, 0.15219, 1.55876, 0.12056],
[-8.89153, -0.02776, 1.55876, 0.1166],
[-8.83114, -0.19237, 1.55876, 0.11249],
[-8.73275, -0.33157, 1.59444, 0.10691],
[-8.60355, -0.44207, 1.77182, 0.09595],
[-8.45186, -0.52596, 1.9963, 0.08683],
[-8.28338, -0.58589, 2.2172, 0.08066],
[-8.10171, -0.62363, 2.48924, 0.07454],
[-7.90988, -0.64132, 2.6775, 0.07195],
[-7.71048, -0.64181, 2.53847, 0.07855],
[-7.5057, -0.62855, 2.53847, 0.08084],
[-7.29746, -0.60562, 2.53847, 0.08253],
[-7.08751, -0.57766, 2.53847, 0.08344],
[-6.87799, -0.55299, 2.53847, 0.08311],
[-6.66928, -0.53355, 2.53847, 0.08258],
[-6.46177, -0.52173, 2.53847, 0.08188],
[-6.2559, -0.51989, 2.53847, 0.0811],
[-6.05219, -0.53065, 2.53847, 0.08036],
[-5.85134, -0.5573, 2.53847, 0.07981],
[-5.65459, -0.60469, 2.53847, 0.07973],
[-5.46293, -0.67528, 2.9247, 0.06983],
[-5.27559, -0.7639, 3.43524, 0.06033],
[-5.09166, -0.8661, 4.0, 0.05261],
[-4.90998, -0.97709, 4.0, 0.05322],
[-4.72945, -1.09247, 4.0, 0.05356],
[-4.53661, -1.21365, 4.0, 0.05694],
[-4.3418, -1.33334, 4.0, 0.05716],
[-4.14467, -1.45096, 4.0, 0.05739],
[-3.94479, -1.56572, 4.0, 0.05762],
[-3.74204, -1.67704, 4.0, 0.05782],
[-3.53618, -1.78416, 4.0, 0.05802],
[-3.32702, -1.88634, 4.0, 0.0582],
[-3.11452, -1.98306, 4.0, 0.05837],
[-2.89868, -2.07398, 4.0, 0.05855],
[-2.67956, -2.15892, 4.0, 0.05875],
[-2.45727, -2.23787, 4.0, 0.05897],
[-2.232, -2.31101, 4.0, 0.05921],
[-2.00396, -2.37867, 4.0, 0.05946],
[-1.77345, -2.44131, 4.0, 0.05972],
[-1.54078, -2.4995, 4.0, 0.05996],
[-1.30629, -2.5539, 4.0, 0.06018],
[-1.07035, -2.60526, 4.0, 0.06037],
[-0.83338, -2.65442, 4.0, 0.0605],
[-0.59574, -2.70215, 4.0, 0.0606],
[-0.35794, -2.7508, 4.0, 0.06068],
[-0.12064, -2.80074, 4.0, 0.06063],
[0.11604, -2.8523, 4.0, 0.06056],
[0.35193, -2.90594, 4.0, 0.06048],
[0.5869, -2.96197, 4.0, 0.06039],
[0.82088, -3.02058, 4.0, 0.0603],
[1.05387, -3.08185, 4.0, 0.06023],
[1.28589, -3.14567, 4.0, 0.06016],
[1.51706, -3.21182, 4.0, 0.06011],
[1.74749, -3.28003, 4.0, 0.06008],
[1.97727, -3.35007, 4.0, 0.06006],
[2.2065, -3.42186, 4.0, 0.06005],
[2.43554, -3.49559, 4.0, 0.06016],
[2.66562, -3.56754, 4.0, 0.06027],
[2.89669, -3.63743, 4.0, 0.06035],
[3.12873, -3.7051, 4.0, 0.06043],
[3.36182, -3.77025, 4.0, 0.0605],
[3.59602, -3.83261, 4.0, 0.06059],
[3.83144, -3.8918, 4.0, 0.06069],
[4.06813, -3.94755, 4.0, 0.06079],
[4.3061, -3.99962, 4.0, 0.0609],
[4.54531, -4.04785, 4.0, 0.06101],
[4.78568, -4.09212, 4.0, 0.0611],
[5.02708, -4.13235, 4.0, 0.06118],
[5.2693, -4.16844, 3.61481, 0.06775],
[5.51212, -4.20031, 3.21602, 0.07615],
[5.75526, -4.22788, 2.84561, 0.08599],
[5.99839, -4.25086, 2.45751, 0.09937],
[6.24109, -4.26883, 2.14224, 0.1136],
[6.48284, -4.28126, 1.88149, 0.12866],
[6.72304, -4.28767, 1.5919, 0.15094],
[6.96079, -4.28697, 1.5919, 0.14935],
[7.19498, -4.27798, 1.5919, 0.14722],
[7.42423, -4.2594, 1.5919, 0.14449],
[7.64694, -4.22975, 1.5919, 0.14113],
[7.86121, -4.18743, 1.5919, 0.1372],
[8.06482, -4.13069, 1.5919, 0.13278],
[8.25507, -4.05766, 1.5919, 0.12801],
[8.42783, -3.9658, 1.5919, 0.12292],
[8.57802, -3.85323, 1.5919, 0.1179],
[8.69903, -3.71944, 1.5919, 0.11332],
[8.77853, -3.56556, 1.74339, 0.09935],
[8.82341, -3.40236, 1.8728, 0.09038],
[8.83859, -3.2354, 1.98267, 0.08455],
[8.82797, -3.06812, 1.98267, 0.08454],
[8.79399, -2.9028, 1.98267, 0.08513],
[8.73849, -2.74115, 1.98267, 0.08621],
[8.6605, -2.58532, 1.98267, 0.08789],
[8.55459, -2.44022, 2.12988, 0.08434],
[8.42409, -2.30814, 2.36513, 0.07851],
[8.27322, -2.18943, 2.6014, 0.0738],
[8.10509, -2.08401, 2.88094, 0.06888],
[7.92253, -1.99122, 3.21982, 0.0636],
[7.72813, -1.90989, 3.5773, 0.05891],
[7.52389, -1.83888, 3.96121, 0.05459],
[7.31143, -1.77707, 4.0, 0.05532],
[7.09241, -1.72302, 4.0, 0.0564],
[6.86826, -1.67529, 4.0, 0.0573],
[6.64026, -1.63245, 4.0, 0.058],
[6.40953, -1.59319, 4.0, 0.05851],
[6.17648, -1.55681, 4.0, 0.05897],
[5.94108, -1.51648, 4.0, 0.05971],
[5.70734, -1.47259, 4.0, 0.05946],
[5.47562, -1.42464, 4.0, 0.05916],
[5.24624, -1.3722, 4.0, 0.05883],
[5.01961, -1.31463, 3.79817, 0.06156],
[4.79621, -1.25132, 3.48789, 0.06657],
[4.5765, -1.18164, 3.1499, 0.07317],
[4.36092, -1.10518, 2.88982, 0.07915],
[4.15003, -1.02137, 2.48938, 0.09116],
[3.94423, -0.92996, 2.20605, 0.10207],
[3.74383, -0.831, 1.9485, 0.11471],
[3.54897, -0.72475, 1.72324, 0.1288],
[3.3599, -0.6114, 1.50819, 0.14616],
[3.17741, -0.49063, 1.33057, 0.16447],
[3.00245, -0.36214, 1.33057, 0.16314],
[2.83644, -0.22546, 1.33057, 0.16161],
[2.68146, -0.08001, 1.33057, 0.15974],
[2.54052, 0.0748, 1.33057, 0.15734],
[2.41678, 0.23867, 1.33057, 0.15432],
[2.31659, 0.41122, 1.33057, 0.14996],
[2.24597, 0.58936, 1.33057, 0.14402],
[2.21066, 0.76761, 1.33057, 0.13657],
[2.21486, 0.939, 1.33057, 0.12885],
[2.26295, 1.09575, 1.33057, 0.12323],
[2.36142, 1.22744, 1.74416, 0.09428],
[2.48914, 1.3406, 1.94479, 0.08774],
[2.64247, 1.43534, 2.19673, 0.08205],
[2.81832, 1.51196, 2.484, 0.07722],
[3.01401, 1.57084, 2.87265, 0.07114],
[3.22621, 1.61343, 3.34525, 0.0647],
[3.45168, 1.64172, 3.94781, 0.05756],
[3.68736, 1.65821, 4.0, 0.05906],
[3.9304, 1.66572, 3.64613, 0.06669],
[4.17834, 1.66713, 3.34336, 0.07416],
[4.42898, 1.66537, 3.05625, 0.08201],
[4.67865, 1.667, 2.77845, 0.08986],
[4.92616, 1.67293, 2.46268, 0.10053],
[5.17069, 1.68418, 2.20294, 0.11112],
[5.4113, 1.70183, 1.96555, 0.12274],
[5.64694, 1.72693, 1.75083, 0.13535],
[5.87651, 1.76041, 1.55335, 0.14935],
[6.09885, 1.80306, 1.36885, 0.16539],
[6.31283, 1.85547, 1.2, 0.18358],
[6.51671, 1.91864, 1.2, 0.17787],
[6.70886, 1.99313, 1.2, 0.17174],
[6.88744, 2.07935, 1.2, 0.16526],
[7.05032, 2.1776, 1.2, 0.15851],
[7.19424, 2.2884, 1.2, 0.15136],
[7.31591, 2.41149, 1.2, 0.14423],
[7.41149, 2.54599, 1.2, 0.13751],
[7.47637, 2.69018, 1.2, 0.13176],
[7.50441, 2.84105, 1.2, 0.12788],
[7.4861, 2.99321, 1.2, 0.12771],
[7.40447, 3.13343, 1.74237, 0.09312],
[7.28991, 3.26125, 1.97367, 0.08697],
[7.14644, 3.37529, 2.22102, 0.08252],
[6.97711, 3.47437, 2.54347, 0.07713]]